%YAML:1.0
---
projectionMatrix_3x4_w2p:
  - 332.983117
  - -231.274575
  - -170.555238
  - 1033174.018628
  - -38.035225
  - -351.711508
  - 49.420916
  - 30404.651991
  - 0.119995
  - -0.655262
  - -0.745811
  - 2659.804924
modelInfo:
  height: 1700.0
  radius: 300.0
