%YAML:1.0
---
projectionMatrix_3x4_w2p:
  - -147.087478
  - -376.049426
  - -181.510513
  - 791572.003262
  - -209.024500
  - 61.560156
  - -283.266115
  - 1070072.321905
  - 0.139550
  - -0.489356
  - -0.860846
  - 2563.171981
modelInfo:
  height: 1700.0
  radius: 300.0
