%YAML:1.0
---
projectionMatrix_3x4_w2p:
  - 64.645905
  - 48.562052
  - -432.260731
  - 2002751.619987
  - 322.055003
  - -114.299503
  - -103.782793
  - 693402.143633
  - 0.117795
  - -0.605497
  - -0.787082
  - 2562.723760
modelInfo:
  height: 1700.0
  radius: 300.0
