%YAML:1.0
---
projectionMatrix_3x4_w2p:
  - 294.679150
  - -157.784253
  - -293.287015
  - 1301144.870618
  - 44.623688
  - -351.245401
  - 35.611566
  - 163987.249191
  - -0.024826
  - -0.598324
  - -0.800870
  - 3445.984581
modelInfo:
  height: 1700.0
  radius: 300.0
