%YAML:1.0
---
projectionMatrix_3x4_w2p:
  - -23.595562
  - -67.195663
  - -436.629074
  - 2214969.870572
  - 299.561374
  - -145.904539
  - -129.000788
  - 157683.040825
  - -0.031444
  - -0.793049
  - -0.608346
  - 2481.689930
modelInfo:
  height: 1700.0
  radius: 300.0
